image_width: 1280
image_height: 720
camera_name: elp_right
camera_matrix:
  rows: 3
  cols: 3
  data: [509.1061377452556, 0, 609.1373914946727, 0, 518.8547415610664, 386.5247192575267, 0, 0, 1]
distortion_model: plumb_bob
distortion_coefficients:
  rows: 1
  cols: 5
  data: [-0.2637728286031942, 0.04775716628998895, 0.00302700230587429, 0.004830577424746143, 0]
rectification_matrix:
  rows: 3
  cols: 3
  data: [0.993509471278869, 0.006339473396184941, -0.1135726267911473, -0.005447171663849236, 0.999951827168388, 0.008165271793790134, 0.1136189191994305, -0.00749362526825103, 0.9934961433142518]
projection_matrix:
  rows: 3
  cols: 4
  data: [471.8141159148522, 0, 743.4379692077637, -120.386366760043, 0, 471.8141159148522, 369.8176803588867, 0, 0, 0, 1, 0]