image_width: 1280
image_height: 720
camera_name: elp_left
camera_matrix:
  rows: 3
  cols: 3
  data: [544.7800414061196, 0, 614.1729426152513, 0, 546.7633429449135, 316.9110080359862, 0, 0, 1]
distortion_model: plumb_bob
distortion_coefficients:
  rows: 1
  cols: 5
  data: [-0.2758491236504503, 0.04961391461435739, 0.004956295025063219, -0.002410684502441096, 0]
rectification_matrix:
  rows: 3
  cols: 3
  data: [0.9995057382809449, 0.02793251353699787, 0.01442407123417757, -0.02773958498888794, 0.9995252754898862, -0.01340668048068827, -0.0147917060580401, 0.01299993632186082, 0.9998060847421965]
projection_matrix:
  rows: 3
  cols: 4
  data: [515.5188140628851, 0, 621.383472442627, 0, 0, 515.5188140628851, 350.9754486083984, 0, 0, 0, 1, 0]