image_width: 1280
image_height: 720
camera_name: elp_left
camera_matrix:
  rows: 3
  cols: 3
  data: [769.4938802132448, 0, 661.2338569665516, 0, 770.7740310204468, 333.2514721957781, 0, 0, 1]
distortion_model: plumb_bob
distortion_coefficients:
  rows: 1
  cols: 5
  data: [-0.3965628035058248, 0.1114730815886456, 0.001047259789449253, -0.006322635597016019, 0]
rectification_matrix:
  rows: 3
  cols: 3
  data: [0.8970603037254824, -0.03916623019737129, 0.4401690787550528, 0.0357581378317211, 0.9992317920411107, 0.01603687479274485, -0.4404590412952753, 0.001353582814997649, 0.8977716863183033]
projection_matrix:
  rows: 3
  cols: 4
  data: [833.8271244734129, 0, -309.1999282836914, 0, 0, 833.8271244734129, 313.0334587097168, 0, 0, 0, 1, 0]