image_width: 1280
image_height: 720
camera_name: elp_right
camera_matrix:
  rows: 3
  cols: 3
  data: [537.8266773282649, 0, 565.2319916382394, 0, 544.0930897852714, 366.3555277003589, 0, 0, 1]
distortion_model: plumb_bob
distortion_coefficients:
  rows: 1
  cols: 5
  data: [-0.2749624056429971, 0.04958606879838964, 0.004217267110737668, 0.004076654495577375, 0]
rectification_matrix:
  rows: 3
  cols: 3
  data: [0.9967031194547525, 0.02323484431736364, -0.07773695182288133, -0.02220545626297433, 0.9996542709021675, 0.01408035437086361, 0.07803723073839967, -0.01230774864074819, 0.9968744705037229]
projection_matrix:
  rows: 3
  cols: 4
  data: [515.5188140628851, 0, 621.383472442627, -32.80705190241037, 0, 515.5188140628851, 350.9754486083984, 0, 0, 0, 1, 0]