image_width: 1280
image_height: 720
camera_name: elp_left
camera_matrix:
  rows: 3
  cols: 3
  data: [507.813374180761, 0, 625.0731448724138, 0, 513.3259204649787, 345.246898424723, 0, 0, 1]
distortion_model: plumb_bob
distortion_coefficients:
  rows: 1
  cols: 5
  data: [-0.2774267308894654, 0.05305765354188458, 0.002287941522605148, 0.0008999532663786929, 0]
rectification_matrix:
  rows: 3
  cols: 3
  data: [0.9959309911266961, 0.001857029426688087, -0.09010001306939468, -0.002564272949599032, 0.9999668010934, -0.007734417578111059, 0.09008265880643529, 0.007933987190628261, 0.9959026892370672]
projection_matrix:
  rows: 3
  cols: 4
  data: [471.8141159148522, 0, 743.4379692077637, 0, 0, 471.8141159148522, 369.8176803588867, 0, 0, 0, 1, 0]