image_width: 1280
image_height: 720
camera_name: elp_right
camera_matrix:
  rows: 3
  cols: 3
  data: [701.1284985137353, 0, 649.7679989756783, 0, 703.8798202688838, 327.6174246659452, 0, 0, 1]
distortion_model: plumb_bob
distortion_coefficients:
  rows: 1
  cols: 5
  data: [-0.3513782144471587, 0.08278817465045989, 0.002916154307498166, -0.0004286337509518014, 0]
rectification_matrix:
  rows: 3
  cols: 3
  data: [0.9071073878504653, -0.03652847106507653, 0.4193111705031877, 0.03976430096793876, 0.9992085634542583, 0.001023273281448844, -0.4190166909272668, 0.0157453968297152, 0.9078419990301386]
projection_matrix:
  rows: 3
  cols: 4
  data: [833.8271244734129, 0, -309.1999282836914, -282.1351734378841, 0, 833.8271244734129, 313.0334587097168, 0, 0, 0, 1, 0]